  2.0000000e+000  2.6205120e+000  1.5103936e+000  2.0358858e+000  2.7680239e+000  2.2820169e+000  4.0587177e+000  1.9714610e+000  3.7517634e+000  3.1379799e+000  1.6478258e+000
  2.0000000e+000  2.8000986e+000  4.1144240e+000  2.8382299e+000  2.5252808e+000  2.6390923e+000  2.8604450e+000  2.1989650e+000  3.8929816e+000  3.7492046e+000  3.7448152e+000
  2.0000000e+000  3.6923949e+000  2.2790392e+000  3.8331300e+000  3.6403980e+000  5.5536774e+000  3.9833685e+000  4.9907539e+000  4.0597913e+000  2.1053803e+000  2.1147779e+000
  1.0000000e+000  2.4301888e+000  3.0147630e+000  4.0156810e+000  3.7695543e+000  3.9821737e+000  2.7691420e+000  3.3036065e+000  3.1447283e+000  4.2429249e+000  3.1918001e+000
  2.0000000e+000  2.0142836e+000  1.5768604e+000  7.6546167e-001  2.4469569e+000  4.0983204e+000  3.1812509e+000  4.4799739e+000  3.8939527e+000  3.9162676e-001  4.1982930e+000
  2.0000000e+000  3.4495105e+000  4.6269045e+000  2.1414249e+000  4.4721014e+000  5.0075109e+000  2.4524211e+000  3.6242519e+000  1.7945478e+000  4.5870067e+000  2.3823274e+000
  2.0000000e+000  2.7550120e+000  2.6394041e+000  3.4594172e+000  4.4476386e+000  4.5011999e+000  2.6043001e+000  4.0658160e+000  3.3583436e+000  2.4139776e+000  2.8315753e+000
  2.0000000e+000  3.5953541e+000  1.4308624e+000  2.3416254e+000  1.3347499e+000  3.0916075e+000  2.1849117e+000  2.3961967e+000  3.3120533e+000  2.0245433e+000  3.4824674e+000
  2.0000000e+000  2.9648724e+000  4.1651472e+000  3.5756640e+000  1.3218344e+000  4.2322142e+000  2.2108806e+000  3.0780826e+000  4.5568659e+000  2.9292326e+000  3.2598381e+000
  2.0000000e+000  2.0895852e+000  3.4849145e+000  4.2866377e+000  2.5771661e+000  3.4290554e+000  1.4357819e+000  2.6326607e+000  2.3774084e+000  1.7899754e+000  2.5288741e+000
  2.0000000e+000  3.3205335e+000  5.9088881e+000  3.2435474e+000  1.4202103e+000  2.1611684e+000  2.6729559e+000  2.8691498e+000  4.0515408e+000  4.9170904e+000  2.9332650e+000
  1.0000000e+000  2.6869126e+000  4.0198675e+000  2.1012039e+000  3.3029439e+000  4.4656752e+000  3.5543475e+000  3.6668263e+000  1.8170280e+000  2.8517666e+000  1.0199004e+000
  2.0000000e+000  4.7006520e+000  2.3186156e+000  2.8820001e+000  2.1624861e+000  3.1538959e+000  2.3738178e+000  2.6352457e+000  2.3987526e+000  2.0809126e+000  3.8865096e+000
  2.0000000e+000  1.7961688e+000  2.4523269e+000  3.4202440e+000  3.7774872e+000  3.0470559e+000  1.9301997e+000  5.0609574e+000  3.6955929e+000  1.8668113e+000  3.4142164e+000
  2.0000000e+000  4.3658705e+000  4.7548668e+000  3.5166699e+000  1.5696196e+000  2.9250562e+000  1.6309188e+000  2.6643162e+000  9.0310108e-001  2.4772243e+000  4.2534280e+000
  2.0000000e+000  3.3530288e+000  5.1286165e+000  1.4119792e+000  4.4702553e+000  4.4164075e+000  4.3208924e+000  2.4773225e+000  3.6832720e+000  2.1052063e+000  3.1904521e+000
  2.0000000e+000  2.5953366e+000  1.8905057e+000  3.6680435e+000  2.6309142e+000  3.6709819e+000  4.2476996e+000  3.8982019e+000  3.5772065e+000  3.6991826e+000  3.3057331e+000
  2.0000000e+000  2.9295780e+000  2.0871550e+000  4.9010036e+000  9.2342140e-001  2.9802693e+000  3.0673655e+000  3.4422657e+000  1.3771118e+000  3.4326654e+000  3.6442890e+000
  2.0000000e+000  2.9959668e+000  3.0630086e+000  2.7289458e+000  5.0552118e+000  1.0644304e+000  4.9395363e+000  1.3828328e+000  3.8636257e+000  3.0764962e+000  4.4777033e+000
  1.0000000e+000  3.2490212e+000  3.0829241e+000  3.2755338e+000  3.4954793e+000  4.3996691e+000  3.8791172e+000  4.4536857e+000  1.9339673e+000  2.8821123e+000  1.4459749e+000
  1.0000000e+000  3.5400452e+000  4.4920266e+000  2.5847059e+000  3.2142313e+000  2.2450658e+000  4.4591357e+000  3.8155865e+000  2.2891019e+000  2.0471066e+000  2.9346872e+000
  1.0000000e+000  2.4060357e+000  2.7289777e+000  3.1828591e+000  3.6770790e+000  3.1306552e+000  3.0724950e+000  3.2549322e+000  3.6831540e+000  2.3916165e+000  1.8620086e+000
  2.0000000e+000  3.8722920e+000  2.7839217e+000  2.2243945e+000  3.5058702e+000  2.5946967e+000  3.8896867e+000  4.5112816e+000  2.3648486e+000  3.3848374e+000  3.8095466e+000
  2.0000000e+000  4.4820550e+000  2.1519645e+000  9.2829017e-001  3.0979048e+000  1.6502147e+000  3.2932036e+000  3.7883287e+000  2.6355760e+000  3.0824709e+000  2.4058353e+000
  2.0000000e+000  2.8947575e+000  3.5335825e+000  4.1810712e+000  2.0855865e+000  3.0045907e+000  2.5843171e+000  2.1036677e+000  3.0653448e+000  3.2982391e+000  2.5646188e+000
  2.0000000e+000  4.6964897e+000  3.0170856e+000  3.6550529e+000  4.3530836e+000  3.5181430e+000  2.8609376e+000  2.9015540e+000  3.7529853e+000  3.2144554e+000  4.1308471e+000
  2.0000000e+000  1.4721885e+000  1.4752315e+000  2.3836187e+000  2.9301060e+000  2.3798290e+000  3.2402519e+000  2.8829956e+000  2.2078432e+000  2.6554823e+000  2.2525785e+000
  2.0000000e+000  3.5933422e+000  2.5617417e+000  2.2707028e+000  4.2092744e+000  2.2911195e+000  1.3701854e+000  2.7776116e+000  1.8349249e+000  4.2614827e+000  2.5949239e+000
  2.0000000e+000  1.7695476e+000  1.1808098e+000  3.0466343e+000  2.3206916e+000  3.8172801e+000  3.4760132e+000  4.0224425e+000  2.9373294e+000  2.4640467e+000  4.5702800e+000
  2.0000000e+000  1.7864317e+000  4.3354996e+000  1.3587436e+000  3.8382980e+000  2.0197197e+000  2.4333053e+000  2.5171494e+000  2.3786717e+000  3.4769655e+000  2.0290032e+000
  2.0000000e+000  1.9776036e+000  2.7549733e+000  2.6294340e+000  6.3418924e+000  2.8630542e+000  3.0355654e+000  2.2375513e+000  2.1770924e+000  2.0560678e+000  2.4988185e+000
  2.0000000e+000  2.2203361e+000  1.8851282e+000  4.0472235e+000  2.8461260e+000  1.9492724e+000  1.2762682e+000  2.9428246e+000  3.5856648e+000  2.5369530e+000  1.2540693e+000
  2.0000000e+000  2.8554732e+000  4.0566415e+000  2.0072394e+000  3.7839473e+000  7.6927748e-001  2.6046361e+000  1.6954270e+000  2.1054922e+000  1.8947775e+000  2.5445209e+000
  2.0000000e+000  3.6971611e+000  2.4093218e+000  3.4032612e+000  2.4828694e+000  1.9204414e+000  2.8459312e+000  3.5796134e+000  3.2458487e+000  3.7272208e+000  1.9012339e+000
  2.0000000e+000  4.7359770e+000  2.0353980e+000  2.6890239e+000  1.9990735e+000  3.5974004e+000  4.6015262e+000  1.8410158e+000  2.9459935e+000  4.1338398e+000  2.5700296e+000
  2.0000000e+000  4.1149737e+000  1.5782595e+000  4.4584456e+000  2.9004439e+000  3.5611031e+000  2.4124600e+000  4.7794759e+000  2.3855248e+000  1.6456107e+000  3.2729060e+000
  2.0000000e+000  3.2177821e+000  2.7925034e+000  2.0501897e+000  4.6965290e+000  2.6563600e+000  3.3450042e+000  3.1063848e+000  3.1212022e+000  2.5054309e+000  3.9797299e+000
  2.0000000e+000 -1.1409595e-002  1.3151009e+000  3.2278776e+000  2.3013886e+000  1.7243220e+000  2.9369899e+000  2.3100153e+000  3.7211229e+000 -2.1401867e+000  1.4905418e+000
  2.0000000e+000  4.7746897e+000  2.4473246e+000  4.4055259e+000  2.6318780e+000  4.1246825e+000  2.5239216e+000  2.4369991e+000  3.6718594e+000  2.8479194e+000  4.0270136e+000
  2.0000000e+000  3.2031679e+000  1.1790760e+000  3.5291645e+000  1.5296609e+000  3.4477883e+000  1.1402797e+000  3.1415523e+000  3.5745558e+000  2.3732993e+000  3.2969527e+000
  2.0000000e+000  3.0712976e+000  2.0775186e+000  3.5704331e+000  2.0918171e+000  3.8130009e+000  4.1941224e+000  2.5730193e+000  3.1827243e+000  2.0078261e+000  2.3611454e+000
  1.0000000e+000  3.4044544e+000  4.0024275e+000  1.4638327e+000  3.7233040e+000  1.5004720e+000  4.3653839e+000  3.0825027e+000  3.4191140e+000  3.0374984e+000  4.5417628e-001
  2.0000000e+000  4.5730948e+000  3.0053344e+000  2.7171134e+000  2.8502469e+000  1.4078738e+000  2.8613347e+000  3.7700288e+000  1.8098993e+000  1.4633012e+000  3.3248740e+000
  2.0000000e+000  1.5692046e+000  5.0202178e-002  5.9342806e+000  2.0848593e+000  3.4019927e+000  2.4162499e+000  3.5890813e+000  3.1188697e+000  2.4095182e+000  4.0708061e+000
  1.0000000e+000  3.8237842e+000  3.7157531e+000  2.1004642e+000  3.2847802e+000  2.7391317e+000  2.4603477e+000  3.5796677e+000  3.6881357e+000  1.8769188e+000  1.3894645e+000
  2.0000000e+000  2.9707863e+000  4.1692731e+000  2.0181124e+000  2.8099038e+000  2.6368415e+000  3.6550730e+000  2.3462988e+000  4.2524822e+000  3.4375349e+000  2.1967284e+000
  2.0000000e+000  3.4359809e+000  4.0484433e+000  1.9459206e+000  2.5647368e+000  3.5324279e+000  2.1046541e+000  3.6383062e+000  2.7109621e+000  3.3989191e+000  2.8437418e+000
  2.0000000e+000  2.5131027e+000  3.0763586e+000  2.2312071e+000  4.0673005e+000  4.4314317e+000  1.4999197e+000  4.1681406e+000  2.7806531e+000  3.2614420e+000  3.1015779e+000
  2.0000000e+000  3.7213721e+000  3.6519465e+000  3.9677255e+000  3.9544389e+000  2.2700918e+000  3.0414355e+000  2.6909070e+000  3.6647445e+000  3.0066785e+000  3.9357584e+000
  2.0000000e+000  2.5481317e+000  1.1956110e+000  4.9984820e+000  1.6330551e+000  3.2179323e+000  2.7699736e+000  2.7991954e+000  2.4277927e+000  3.4385164e+000  5.6923872e+000
  1.0000000e+000  3.4230655e+000  1.7930038e+000  1.6220123e+000  3.7488097e+000  3.2970053e+000  6.0342726e+000  2.2328079e+000  1.7511508e+000  2.9874730e+000  2.8422728e+000
  2.0000000e+000  2.4492648e+000  2.0986744e+000  3.2217550e+000  2.7849637e+000  2.0600043e+000  3.2332180e-001  2.6486067e+000  3.7839639e+000  1.9751805e+000  2.9700526e+000
  2.0000000e+000  2.1387057e+000  4.4612888e+000  3.0963387e+000  2.7613972e+000  3.3154109e+000  4.9449204e+000  3.0482429e+000  3.8409604e+000  3.7601329e+000  3.4792436e+000
  2.0000000e+000  1.4282468e+000  2.9199125e+000  1.8559371e+000  3.1632467e+000  3.3436805e+000  2.9399010e+000  4.8200829e+000  3.4187683e+000  3.6994844e+000  2.3327921e+000
  2.0000000e+000  5.4111882e+000  4.7766525e+000  3.6687308e+000  2.0298907e+000  4.6025707e+000  2.2545363e+000  2.9688510e+000  3.6997735e+000  3.4979679e+000  2.3299151e+000
  2.0000000e+000  2.5350783e+000  1.6008047e+000  2.2793876e+000  2.5101437e+000  2.8219931e+000  3.5686287e+000  1.9419629e+000  1.9405358e+000  4.4489443e+000  2.7824294e+000
  2.0000000e+000  2.7019768e+000  4.6531158e+000  3.6301648e+000  2.9566972e+000  2.0278242e+000  4.3395647e+000  1.7724721e+000  1.9386490e+000  2.4843593e+000  3.2227923e+000
  2.0000000e+000  5.5625854e+000  3.1011250e+000  3.1492464e+000  1.1084831e+000  1.6276297e+000  2.8639711e+000  3.3041333e+000  2.8906983e+000  2.8969428e+000  2.1858820e+000
  2.0000000e+000  3.9141168e+000  1.7009895e+000  2.7998090e+000  2.9464979e+000  2.5942954e+000  2.6234921e+000  1.9063122e+000  3.0827776e+000  3.1118791e+000  4.2954086e+000
  2.0000000e+000  3.5701919e+000  2.5697003e+000  1.6080401e+000  2.2501405e+000  4.4155010e+000  4.1646856e+000  3.6547140e+000  4.4554330e+000  3.4353142e+000  1.8041779e+000
  1.0000000e+000  2.0978234e+000  2.1622590e+000  2.8658369e+000  3.0754644e+000  2.6267006e+000  3.2692345e+000  2.8420683e+000  2.3583151e+000  2.8212501e+000  3.8889951e+000
  2.0000000e+000  2.2887345e+000  2.5150267e+000  5.7528418e+000  2.2727368e+000  3.3990917e+000  2.4633151e+000  3.4045984e+000  2.9585065e+000  3.9245989e+000  1.8109202e+000
  2.0000000e+000  2.1467270e+000  3.9811909e+000  3.4398775e+000  3.8322950e+000  4.1121544e+000  2.2751861e+000  4.1818790e+000  3.3130094e+000  4.4174856e+000  3.4652789e+000
  2.0000000e+000  2.7552136e+000  2.9428596e+000  2.3544382e+000  1.8602069e+000  2.8567350e+000  3.6630111e+000  1.6953234e+000  3.0732891e+000  3.5283404e+000  1.9976864e+000
  2.0000000e+000  2.0329671e+000  2.5727334e+000  2.5834959e+000  2.0110039e+000  3.4398327e+000  2.4897246e+000  3.5163848e+000  2.0697522e+000  1.9845110e+000  3.3744369e+000
  2.0000000e+000  2.1707074e+000  3.5969404e+000  2.8860044e+000  2.1505049e+000  3.0261820e+000  3.6226158e+000  8.1497651e-001  2.7101647e+000  2.4816589e+000  2.7179010e+000
  1.0000000e+000  3.1195702e+000  3.4170654e+000  1.7798616e+000  3.8856131e+000  1.8650438e+000  3.7776321e+000  3.0831042e+000  3.1304036e+000  2.6704690e+000  3.6033960e+000
  1.0000000e+000  3.4920720e+000  4.9305913e+000  2.9465401e+000  3.1202478e+000  1.7401656e+000  4.2852747e+000  2.7898273e+000  3.3651360e+000  1.9650429e+000  3.5865025e+000
  2.0000000e+000  2.2611471e+000  2.9551808e+000  3.7018210e+000  5.2289966e-001  3.9418323e+000  2.8595525e+000  1.6938631e+000  1.0337782e+000  3.1221925e+000  3.1672020e+000
  2.0000000e+000  3.7047018e+000  4.4394722e+000  4.1633452e+000  2.5690214e+000  3.3948883e+000  3.3233154e+000  4.3829192e+000  3.6436153e+000  2.2669449e+000  3.0807626e+000
  2.0000000e+000  2.4269709e+000  3.2080797e+000  3.5047335e+000  2.9959624e+000  3.1048806e+000  2.8644314e+000  2.3068042e+000  1.5107187e+000  2.8171251e+000  3.3125828e+000
  2.0000000e+000  5.4340415e+000  3.6663437e+000  3.0294652e+000  2.2021564e+000  3.6765774e+000  2.6506802e+000  2.1976974e+000  3.0301877e+000  2.4948240e+000  2.9835247e+000
  2.0000000e+000  2.0132894e+000  4.7227668e+000  2.8798673e+000  5.2624156e+000  2.5564731e+000  2.6950919e+000  1.8841685e+000  1.6122758e+000  3.0410369e+000  1.5367536e+000
  2.0000000e+000  4.0237233e+000  3.6739042e+000  1.8716036e+000  2.4845942e+000  3.5419604e+000  3.1796847e+000  3.8510739e+000  2.3963758e+000  4.8365748e+000  4.2358311e+000
  2.0000000e+000  3.0569733e+000  1.9566904e+000  5.1475077e+000  2.3280830e+000  2.6393779e+000  2.6984685e+000  2.5446153e+000  3.0718674e+000  1.3079710e+000  4.0247213e+000
  1.0000000e+000  2.6353706e+000  4.4778282e+000  2.7614973e+000  3.3661874e+000  2.9981883e+000  1.2654150e+000  3.1054821e+000  2.5898698e+000  3.2164066e+000  2.8578239e+000
  2.0000000e+000  3.4259272e+000  2.9557283e+000  4.0443133e+000  4.0703776e+000  2.7828078e+000  1.9557889e+000  2.1740312e+000  2.1686800e+000  4.1091978e+000  3.3492311e+000
  1.0000000e+000  3.1927857e+000  3.0545001e+000  2.4707245e+000  3.5018398e+000  4.2281402e+000  8.7211819e-001  2.6469565e+000  2.9463596e+000  2.3588892e+000  2.8031943e+000
  2.0000000e+000  2.0582119e+000  9.0764414e-001  2.1788959e+000  2.3359453e+000  3.1569537e+000  2.7540820e+000  2.8326070e+000  3.0412971e+000  2.6290897e+000  3.7443912e+000
  2.0000000e+000  2.1263675e+000  2.6559210e+000  1.8208508e+000  1.7614467e+000  5.6501859e+000  4.5505147e+000  3.4587535e+000  2.0622219e+000  2.8813049e+000  4.8244482e+000
  1.0000000e+000  3.1419860e+000  3.7209847e+000  2.3621519e+000  3.4309189e+000  3.9499810e+000  3.1423467e+000  3.6660957e+000  1.8578223e+000  2.1141664e+000  3.3474735e+000
  2.0000000e+000  2.7732515e+000  2.6606714e+000  2.0652025e+000  4.1522828e+000  2.6715244e+000  2.1648653e+000  3.5661096e+000  1.9391999e+000  3.5886906e+000  4.6829808e+000
  2.0000000e+000  3.8104970e+000  3.0189749e+000  4.4709838e+000  4.2402200e+000  9.3947057e-001  6.0170605e+000  3.0412439e+000  2.8147984e+000  2.8645549e+000  2.5488837e+000
  2.0000000e+000  2.6160990e+000  2.2716950e+000  3.0497834e+000  1.3864513e+000  3.1568847e+000  4.6154245e+000  1.8443893e+000  3.5637968e+000  1.1715543e+000  3.9080962e+000
  2.0000000e+000  3.5289786e+000  2.3588778e+000  3.6689914e+000  1.4531705e+000  3.1330801e+000  2.7505416e+000  3.6625945e+000  1.6594308e+000  3.0407121e+000  2.8741551e+000
  1.0000000e+000  3.4509881e+000  4.2882245e+000  4.0005301e+000  3.7073009e+000  4.6605933e+000  2.4146027e+000  3.1957096e+000  2.2228008e+000  4.6797661e+000  1.8912523e+000
  2.0000000e+000  3.4264971e+000  2.8835330e+000  2.4868517e+000  4.0206828e+000  4.6738182e+000  3.4965115e+000  2.8169026e+000  2.5237757e+000  2.0393280e+000  4.5442235e+000
  2.0000000e+000  3.4349423e+000  2.9304197e+000  1.6552435e+000  2.4647527e+000  1.9309997e+000  2.6767310e+000  3.8347917e+000  3.4983131e+000  2.9367345e+000  2.8203810e+000
  2.0000000e+000  5.0593275e+000  4.8899024e+000  3.2156009e+000  2.9649297e+000  2.6658050e+000  2.6461399e+000  2.7952457e+000  2.7697005e+000  3.8588615e+000  4.7549148e+000
  2.0000000e+000  2.7756456e+000  2.0044196e+000  2.8866651e+000  2.5308339e+000  7.0545066e-001  5.2008041e+000  2.0044443e+000  4.3007257e+000  3.8629486e+000  2.8848416e+000
  2.0000000e+000  1.5189074e+000  3.4805954e+000  2.9812822e+000  2.8467615e+000  3.9336829e+000  2.4008116e+000  1.7516082e+000  3.9137140e+000  3.9627597e+000  2.4323676e+000
  2.0000000e+000  4.2621197e+000  2.7913659e+000  3.5575673e+000  3.4553907e+000  2.8967991e+000  1.4745157e+000  2.7814405e+000  3.7610012e+000  2.8514300e+000  2.7677546e+000
  2.0000000e+000  2.6990660e+000  2.9338854e+000  3.0192594e+000  2.0897957e+000  3.0463184e+000  2.3226629e+000  1.2610484e+000  3.0547230e+000  2.2496316e+000  2.7997172e+000
  2.0000000e+000  2.8614253e+000  2.1289028e+000  3.3609564e+000  1.3285544e+000  3.9048031e+000  2.4963537e+000  2.0784859e+000  2.8960938e+000  3.8482345e+000  2.0084302e+000
  2.0000000e+000  3.7026220e+000  2.1770476e+000  3.8735942e+000  2.6067149e+000  2.4867878e+000  3.6799514e+000  2.5749695e+000  3.4460673e+000  3.9635662e+000  4.2719096e+000
  2.0000000e+000  2.0512643e+000  2.9153239e+000  1.4150776e+000  3.3799013e+000  2.8056764e+000  2.8510787e+000  3.3088810e+000  1.9783033e+000  3.6746597e+000  3.3585467e+000
  2.0000000e+000  2.2311809e+000  2.3475586e+000  4.0684010e+000  3.7309877e+000  3.6969086e+000  1.8102474e+000  4.9306900e+000  1.5227222e+000  2.7626536e+000  2.1204438e+000
  2.0000000e+000  3.3550638e+000  2.4876632e+000  1.3605997e+000  2.6691613e+000  3.3704448e+000  3.3783906e+000  2.9812219e+000  3.4953724e+000  4.9668342e+000  3.3493649e+000
  2.0000000e+000  3.4667777e+000  1.4697748e+000  1.6895756e+000  1.8028056e+000  3.0782747e+000  2.5394739e+000  2.6775754e+000 -3.4271160e-001  2.6423254e+000  2.3874352e+000
  2.0000000e+000  3.2022619e+000  5.3203797e+000  2.3584039e+000  2.1992256e+000  1.7598747e+000  2.5025446e+000  2.2963128e+000  2.9896250e+000  3.1116159e+000  2.4110208e+000
